AMBOSSEXOS
11 167 325
 587 026
 494 631 
 2 106 146
 376 825
 694 476
 791 216
 404 228
463 458
 426 054
 771 905
 532 645
 1 035 072
 834 380 
 1 049 084
 515 428
 84 751
POBLACIÓN NATIVA
 11 161 316
 586 989
 494 581 
 2 102 138
 376 758
 694 297
 790 935
 404 138
 463 308
 425 892
 771 400
 532 580
 1 034 874
 834 317 
 1 049 003
 515 400
 84 706
Pinar del Río
 633 145
 570 863
 14 592
 38 620
 2 502
 1 474
 529
 326
 569
 374
 571
 200
 331
 284
 185
 79
 1 646
Artemisa
 462 786
 5 096
 426 410
 25 098
 2 777
 632
 339
 255
 313
 243
 357
 77
 150
 273
 168
 78
 520
La Habana
 1 639 461
 3 438
 11 146 
 1 583 981
 11 147
 5 906
 3 414
 1 697
 2 041
 1 846
 3 172
 980
 2 373
 2 010
 2 027
 772
 3 511
Mayabeque
 338 160
 243
 1 836
 22 597
 308 928
 2 375
 253
 155
 208
 203
 247
 61
 86
 225
 107
 59
 577
Matanzas
 662 631
 518
 1 104
 29 428
 3 761
 618 806
 2 552
 1 542
 840
 788
 1 386
 199
 411
 407
 323
 93
 473
Villa Clara
 843 554
 751
 2 216
 46 152
 2 464
 11 316
 747 263
 8 024
 14 147
 3 978
 3 946
 601
 649
 498
 452
 112
 985
Cienfuegos
 415 813
 247
 811
 17 586
 966
 3 921
 8 415
 377 536
 2 250
 1 295
 1 742
 138
 263
 184
 151
 29
 279
Sancti Spíritus
 470 182
 653
 1 548
 17 738
 1 277
 2 978
 12 924
 2 913
 417 892
 7 834
 2 919
 192
 396
 289
 188
 56
 385
Ciego de Ávila
 398 043
 176
 793
 14 273
 1 027
 1 746
 2 344
 796
 5 282
 361 650
 7 229
 398
 880
 611
 410
 169
 259
Camagüey
 734 504
 522
 1 991
 29 069
 2 469
 4 623
 2 822
 1 623
 3 456
 10 258
 664 533
 5 143
 2 885
 2 369
 1 412
 523
 806
Las Tunas
 579 958
 419
 1 992
 20 438
 2 396
 2 634
 1 150
 929
 1 298
 3 002
 24 236
 501 074
 11 540
 3 619
 1 376
 364
 3 491
Holguín
 1 140 749
 990
 6 093
 57 221
 6 995
 7 774
 2 714
 2 182
 6 361
 10 560
 17 598
 12 822
 979 881
 8 430
 9 603
 4 628
 6 897
Granma
 964 725
 1 164
 9 946
 66 361
 13 513
 11 217
 2 464
 1 985
 3 839
 9 761
 17 978
 5 656
 9 422
 795 632
 8 757
 1 072
 5 958
Santiago de Cuba
 1 189 897
 879
 8 372
 78 505
 8 246
 11 612
 2 230
 2 777
 1 903
 7 471
 13 565
 3 186
 12 603
 16 379 
 1 011 025
 6 129
 5 015
Guantánamo
 633 597
 778
 5 434
 51 785
 7 832
 7 190
 1 345
 1 360
 2 785
 6 562
 11 752
 1 843
 12 702
 3 027
 12 711
 501 155
 5 336
Isla de la Juventud
 54 111
 252
 297
 3 286
 458
 93
 177
 38
 124
 67
 169
 10
 302
 80
 108
 82
 48 568
EXTRANJERA
 6009
 37
 50
 4008
 67
 179
 281
 90
 150
 162
 505
 65
 198
 63
 81
 28
 45