PINAR DEL RÍO
587 026
298 498
288 528
ARTEMISA
494 631
249 463
245 168
LA HABANA
2 106 146
1 008 922
1 097 224
MAYABEQUE
376 825
191 329
185 496
MATANZAS
694 476
348 002
346 474
VILLA CLARA
791 216
396 879
394 337
CIENFUEGOS
404 228
204 919
199 309
SANCTI SPÍRITUS
463 458
233 772
229 686
CIEGO DE ÁVILA
426 054
215 721
210 333
CAMAGÜEY
771 905
386 967
384 938
LAS TUNAS
532 645
270 302
262 343
HOLGUÍN
1 035 072
522 140
512 932
GRANMA
834 380
422 232
412 148
SANTIAGO DE CUBA
1 049 084
521 715
527 369
GUANTÁNAMO
515 428
257 188
258 240
ISLA DE LA JUVENTUD
84 751
42 776
41 975

